      function []= stpnt(ndim,u,par)
%                     
%
%
       par(1)=110.;
       par(2)=500.;
       par(3)=0.2;
       par(4)=2.021628;
       par(5)=0.1;
%
       u(1)=4.555974e+01;
       u(2)=1.777987e+02;
%
      return
