      function []= stpnt(ndim,u,par) 
%                      
% 
% 
       gi=50.;
       gp=0.03;
       gt=0.01;
% 
       par(1)=gi;
       par(2)=gp;
       par(3)=gt;
%   
       u(1)=-2.329601e+00;
       u(2)= 9.992162e-01;
       u(3)= 7.373314e-01;
       u(4)= 6.135948e-03;
       u(5)= 1.208853e+00;
% 
      return 
