data1=[   3     1   0   0   3.46303E+01   1.95810E-04   0.00000E+00   0.00000E+00   0.00000E+00   0.00000E+00   1.95810E-04   2.00000E+04
   3     2   0   0   3.46308E+01   1.95808E-04   0.00000E+00   0.00000E+00   0.00000E+00   0.00000E+00   1.95808E-04   1.99998E+04
   3     3   0   0   3.46312E+01   1.95806E-04   0.00000E+00   0.00000E+00   0.00000E+00   0.00000E+00   1.95806E-04   1.99996E+04
   3     4   0   0   3.46322E+01   1.95802E-04   0.00000E+00   0.00000E+00   0.00000E+00   0.00000E+00   1.95802E-04   1.99992E+04
   3     5   0   0   3.46340E+01   1.95794E-04   0.00000E+00   0.00000E+00   0.00000E+00   0.00000E+00   1.95794E-04   1.99984E+04
   3     6   0   0   3.46378E+01   1.95779E-04   0.00000E+00   0.00000E+00   0.00000E+00   0.00000E+00   1.95779E-04   1.99968E+04
   3     7   0   0   3.46452E+01   1.95747E-04   0.00000E+00   0.00000E+00   0.00000E+00   0.00000E+00   1.95747E-04   1.99936E+04
   3     8   0   0   3.46602E+01   1.95684E-04   0.00000E+00   0.00000E+00   0.00000E+00   0.00000E+00   1.95684E-04   1.99872E+04
   3     9   0   0   3.46901E+01   1.95559E-04   0.00000E+00   0.00000E+00   0.00000E+00   0.00000E+00   1.95559E-04   1.99744E+04
   3    10  34  10   3.47501E+01   1.95308E-04   0.00000E+00   0.00000E+00   0.00000E+00   0.00000E+00   1.95308E-04   1.99488E+04
   3    11   0   0   3.48404E+01   1.94932E-04   0.00000E+00   0.00000E+00   0.00000E+00   0.00000E+00   1.94932E-04   1.99104E+04
   3    12   0   0   3.49765E+01   1.94367E-04   0.00000E+00   0.00000E+00   0.00000E+00   0.00000E+00   1.94367E-04   1.98528E+04
   3    13   0   0   3.51822E+01   1.93520E-04   0.00000E+00   0.00000E+00   0.00000E+00   0.00000E+00   1.93520E-04   1.97664E+04
   3    14   0   0   3.54940E+01   1.92250E-04   0.00000E+00   0.00000E+00   0.00000E+00   0.00000E+00   1.92250E-04   1.96368E+04
   3    15   0   0   3.59695E+01   1.90344E-04   0.00000E+00   0.00000E+00   0.00000E+00   0.00000E+00   1.90344E-04   1.94424E+04
   3    16   0   0   3.64688E+01   1.88384E-04   0.00000E+00   0.00000E+00   0.00000E+00   0.00000E+00   1.88384E-04   1.92424E+04
   3    17   0   0   3.69786E+01   1.86424E-04   0.00000E+00   0.00000E+00   0.00000E+00   0.00000E+00   1.86424E-04   1.90424E+04
   3    18   0   0   3.74992E+01   1.84463E-04   0.00000E+00   0.00000E+00   0.00000E+00   0.00000E+00   1.84463E-04   1.88424E+04
   3    19   0   0   3.80310E+01   1.82503E-04   0.00000E+00   0.00000E+00   0.00000E+00   0.00000E+00   1.82503E-04   1.86424E+04
   3    20  34  11   3.85743E+01   1.80543E-04   0.00000E+00   0.00000E+00   0.00000E+00   0.00000E+00   1.80543E-04   1.84424E+04
   3    21   0   0   3.91296E+01   1.78583E-04   0.00000E+00   0.00000E+00   0.00000E+00   0.00000E+00   1.78583E-04   1.82424E+04
   3    22   0   0   3.96972E+01   1.76623E-04   0.00000E+00   0.00000E+00   0.00000E+00   0.00000E+00   1.76623E-04   1.80424E+04
   3    23   0   0   4.02775E+01   1.74663E-04   0.00000E+00   0.00000E+00   0.00000E+00   0.00000E+00   1.74663E-04   1.78424E+04
   3    24   0   0   4.08710E+01   1.72703E-04   0.00000E+00   0.00000E+00   0.00000E+00   0.00000E+00   1.72703E-04   1.76424E+04
   3    25   0   0   4.14782E+01   1.70743E-04   0.00000E+00   0.00000E+00   0.00000E+00   0.00000E+00   1.70743E-04   1.74424E+04
   3    26   0   0   4.20994E+01   1.68783E-04   0.00000E+00   0.00000E+00   0.00000E+00   0.00000E+00   1.68783E-04   1.72424E+04
   3    27   0   0   4.27353E+01   1.66823E-04   0.00000E+00   0.00000E+00   0.00000E+00   0.00000E+00   1.66823E-04   1.70424E+04
   3    28   0   0   4.33863E+01   1.64863E-04   0.00000E+00   0.00000E+00   0.00000E+00   0.00000E+00   1.64863E-04   1.68424E+04
   3    29   0   0   4.40529E+01   1.62904E-04   0.00000E+00   0.00000E+00   0.00000E+00   0.00000E+00   1.62904E-04   1.66424E+04
   3    30  34  12   4.47358E+01   1.60944E-04   0.00000E+00   0.00000E+00   0.00000E+00   0.00000E+00   1.60944E-04   1.64424E+04
   3    31   0   0   4.54356E+01   1.58984E-04   0.00000E+00   0.00000E+00   0.00000E+00   0.00000E+00   1.58984E-04   1.62424E+04
   3    32   0   0   4.61529E+01   1.57025E-04   0.00000E+00   0.00000E+00   0.00000E+00   0.00000E+00   1.57025E-04   1.60424E+04
   3    33   0   0   4.68883E+01   1.55065E-04   0.00000E+00   0.00000E+00   0.00000E+00   0.00000E+00   1.55065E-04   1.58424E+04
   3    34   0   0   4.76425E+01   1.53106E-04   0.00000E+00   0.00000E+00   0.00000E+00   0.00000E+00   1.53106E-04   1.56424E+04
   3    35   0   0   4.84164E+01   1.51146E-04   0.00000E+00   0.00000E+00   0.00000E+00   0.00000E+00   1.51146E-04   1.54424E+04
   3    36   0   0   4.92106E+01   1.49187E-04   0.00000E+00   0.00000E+00   0.00000E+00   0.00000E+00   1.49187E-04   1.52424E+04
   3    37   0   0   5.00260E+01   1.47228E-04   0.00000E+00   0.00000E+00   0.00000E+00   0.00000E+00   1.47228E-04   1.50424E+04
   3    38   0   0   5.08634E+01   1.45268E-04   0.00000E+00   0.00000E+00   0.00000E+00   0.00000E+00   1.45268E-04   1.48424E+04
   3    39   0   0   5.17238E+01   1.43309E-04   0.00000E+00   0.00000E+00   0.00000E+00   0.00000E+00   1.43309E-04   1.46424E+04
   3    40  34  13   5.26081E+01   1.41350E-04   0.00000E+00   0.00000E+00   0.00000E+00   0.00000E+00   1.41350E-04   1.44424E+04
   3    41   0   0   5.35173E+01   1.39391E-04   0.00000E+00   0.00000E+00   0.00000E+00   0.00000E+00   1.39391E-04   1.42424E+04
   3    42   0   0   5.44524E+01   1.37432E-04   0.00000E+00   0.00000E+00   0.00000E+00   0.00000E+00   1.37432E-04   1.40424E+04
   3    43   0   0   5.54148E+01   1.35473E-04   0.00000E+00   0.00000E+00   0.00000E+00   0.00000E+00   1.35473E-04   1.38424E+04
   3    44   0   0   5.64054E+01   1.33514E-04   0.00000E+00   0.00000E+00   0.00000E+00   0.00000E+00   1.33514E-04   1.36424E+04
   3    45   0   0   5.74256E+01   1.31555E-04   0.00000E+00   0.00000E+00   0.00000E+00   0.00000E+00   1.31555E-04   1.34424E+04
   3    46   0   0   5.84768E+01   1.29596E-04   0.00000E+00   0.00000E+00   0.00000E+00   0.00000E+00   1.29596E-04   1.32424E+04
   3    47   0   0   5.95603E+01   1.27637E-04   0.00000E+00   0.00000E+00   0.00000E+00   0.00000E+00   1.27637E-04   1.30424E+04
   3    48   0   0   6.06778E+01   1.25678E-04   0.00000E+00   0.00000E+00   0.00000E+00   0.00000E+00   1.25678E-04   1.28424E+04
   3    49   0   0   6.18307E+01   1.23720E-04   0.00000E+00   0.00000E+00   0.00000E+00   0.00000E+00   1.23720E-04   1.26425E+04
   3    50  34  14   6.30209E+01   1.21761E-04   0.00000E+00   0.00000E+00   0.00000E+00   0.00000E+00   1.21761E-04   1.24425E+04
   3    51   0   0   6.42502E+01   1.19802E-04   0.00000E+00   0.00000E+00   0.00000E+00   0.00000E+00   1.19802E-04   1.22425E+04
   3    52   0   0   6.55205E+01   1.17844E-04   0.00000E+00   0.00000E+00   0.00000E+00   0.00000E+00   1.17844E-04   1.20425E+04
   3    53   0   0   6.68340E+01   1.15885E-04   0.00000E+00   0.00000E+00   0.00000E+00   0.00000E+00   1.15885E-04   1.18425E+04
   3    54   0   0   6.81928E+01   1.13927E-04   0.00000E+00   0.00000E+00   0.00000E+00   0.00000E+00   1.13927E-04   1.16425E+04
   3    55   0   0   6.95994E+01   1.11968E-04   0.00000E+00   0.00000E+00   0.00000E+00   0.00000E+00   1.11968E-04   1.14425E+04
   3    56   0   0   7.10564E+01   1.10010E-04   0.00000E+00   0.00000E+00   0.00000E+00   0.00000E+00   1.10010E-04   1.12425E+04
   3    57   0   0   7.25665E+01   1.08052E-04   0.00000E+00   0.00000E+00   0.00000E+00   0.00000E+00   1.08052E-04   1.10425E+04
   3    58   0   0   7.41326E+01   1.06093E-04   0.00000E+00   0.00000E+00   0.00000E+00   0.00000E+00   1.06093E-04   1.08425E+04
   3    59   0   0   7.57580E+01   1.04135E-04   0.00000E+00   0.00000E+00   0.00000E+00   0.00000E+00   1.04135E-04   1.06425E+04
   3    60  34  15   7.74461E+01   1.02177E-04   0.00000E+00   0.00000E+00   0.00000E+00   0.00000E+00   1.02177E-04   1.04425E+04
   3    61   0   0   7.92007E+01   1.00219E-04   0.00000E+00   0.00000E+00   0.00000E+00   0.00000E+00   1.00219E-04   1.02425E+04
