data=[  -3     1   0   0   3.58835E+01   2.44838E-04   0.00000E+00   0.00000E+00   0.00000E+00   0.00000E+00   2.44838E-04   1.08958E-02
  -3     2   0   0   3.58835E+01   1.02954E-03   2.44737E-06   1.41130E-03   1.57221E-07   9.06633E-05   2.44838E-04   1.08958E-02
  -3     3   5  10   3.58835E+01   2.52410E-03   6.14829E-06   3.54547E-03   3.94971E-07   2.27765E-04   2.44838E-04   1.08958E-02
  -3     4   0   0   3.58835E+01   6.51680E-03   1.59377E-05   9.19068E-03   1.02385E-06   5.90415E-04   2.44838E-04   1.08958E-02
  -3     5   0   0   3.58835E+01   1.45143E-02   3.55166E-05   2.04811E-02   2.28162E-06   1.31572E-03   2.44838E-04   1.08958E-02
  -3     6   0   0   3.58834E+01   3.05132E-02   7.46745E-05   4.30619E-02   4.79714E-06   2.76632E-03   2.44838E-04   1.08958E-02
  -3     7   0   0   3.58833E+01   6.25125E-02   1.52990E-04   8.82213E-02   9.82824E-06   5.66741E-03   2.44839E-04   1.08958E-02
  -3     8   0   0   3.58830E+01   1.10511E-01   2.70462E-04   1.55961E-01   1.73747E-05   1.00191E-02   2.44840E-04   1.08958E-02
  -3     9   0   0   3.58821E+01   1.82507E-01   4.46664E-04   2.57567E-01   2.86937E-05   1.65463E-02   2.44843E-04   1.08959E-02
  -3    10   0   0   3.58801E+01   2.90490E-01   7.10942E-04   4.09968E-01   4.56696E-05   2.63364E-02   2.44851E-04   1.08959E-02
  -3    11   0   0   3.58752E+01   4.52427E-01   1.10728E-03   6.38512E-01   7.11252E-05   4.10182E-02   2.44870E-04   1.08961E-02
  -3    12   0   0   3.58640E+01   6.95200E-01   1.70152E-03   9.81148E-01   1.09279E-04   6.30298E-02   2.44914E-04   1.08966E-02
  -3    13   0   0   3.58383E+01   1.05890E+00   2.59193E-03   1.49443E+00   1.66407E-04   9.60086E-02   2.45015E-04   1.08976E-02
  -3    14   0   0   3.57804E+01   1.60293E+00   3.92435E-03   2.26233E+00   2.51752E-04   1.45348E-01   2.45244E-04   1.09000E-02
  -3    15   0   0   3.56519E+01   2.41401E+00   5.91271E-03   3.40749E+00   3.78641E-04   2.18943E-01   2.45757E-04   1.09052E-02
  -3    16   0   0   3.54774E+01   3.21671E+00   7.88358E-03   4.54142E+00   5.03638E-04   2.91837E-01   2.46468E-04   1.09124E-02
  -3    17   0   0   3.52623E+01   4.00924E+00   9.83351E-03   5.66152E+00   6.26305E-04   3.63894E-01   2.47367E-04   1.09215E-02
  -3    18   0   0   3.50124E+01   4.79118E+00   1.17622E-02   6.76742E+00   7.46457E-04   4.35107E-01   2.48443E-04   1.09322E-02
  -3    19   0   0   3.47330E+01   5.56288E+00   1.36710E-02   7.85968E+00   8.64042E-04   5.05528E-01   2.49689E-04   1.09446E-02
  -3    20   0   0   3.44293E+01   6.32516E+00   1.55627E-02   8.93954E+00   9.79105E-04   5.75252E-01   2.51095E-04   1.09584E-02
  -3    21   0   0   3.41060E+01   7.07915E+00   1.74403E-02   1.00087E+01   1.09175E-03   6.44421E-01   2.52657E-04   1.09736E-02
  -3    22   0   0   3.37670E+01   7.82612E+00   1.93078E-02   1.10692E+01   1.20208E-03   7.13185E-01   2.54369E-04   1.09901E-02
  -3    23   0   0   3.34158E+01   8.56737E+00   2.11683E-02   1.21226E+01   1.31032E-03   7.81640E-01   2.56228E-04   1.10078E-02
  -3    24   0   0   3.28728E+01   9.67134E+00   2.39542E-02   1.36937E+01   1.46907E-03   8.84061E-01   2.59289E-04   1.10365E-02
  -3    25   0   0   3.23178E+01   1.07692E+01   2.67433E-02   1.52590E+01   1.62390E-03   9.86462E-01   2.62671E-04   1.10676E-02
  -3    26   0   0   3.17576E+01   1.18645E+01   2.95464E-02   1.68235E+01   1.77517E-03   1.08913E+00   2.66375E-04   1.11011E-02
  -3    27   0   0   3.09197E+01   1.35084E+01   3.37945E-02   1.91775E+01   1.99629E-03   1.24374E+00   2.72537E-04   1.11554E-02
  -3    28   0   0   3.00970E+01   1.51601E+01   3.81155E-02   2.15496E+01   2.21138E-03   1.39856E+00   2.79436E-04   1.12144E-02
  -3    29   0   0   2.93001E+01   1.68244E+01   4.25252E-02   2.39472E+01   2.42155E-03   1.55165E+00   2.87091E-04   1.12779E-02
  -3    30   0   0   2.85366E+01   1.85044E+01   4.70360E-02   2.63736E+01   2.62823E-03   1.69851E+00   2.95522E-04   1.13456E-02
  -3    31   0   0   2.78118E+01   2.02013E+01   5.16556E-02   2.88290E+01   2.83443E-03   1.82964E+00   3.04767E-04   1.14172E-02
  -3    32   0   0   2.71297E+01   2.19154E+01   5.63884E-02   3.13117E+01   3.04957E-03   1.96467E+00   3.14936E-04   1.14926E-02
  -3    33   0   0   2.65056E+01   2.36474E+01   6.12338E-02   3.38371E+01   3.31145E-03   2.38040E+00   3.26316E-04   1.15717E-02
  -3    34   0   0   2.59605E+01   2.54505E+01   6.63147E-02   3.66454E+01   3.53084E-03   3.17628E+00   3.35436E-04   1.16551E-02
  -3    35   0   0   2.53258E+01   2.73583E+01   7.18417E-02   3.93949E+01   3.58770E-03   3.09670E+00   3.47056E-04   1.17457E-02
  -3    36   0   0   2.48079E+01   2.91511E+01   7.71032E-02   4.20059E+01   3.71946E-03   3.16438E+00   3.60509E-04   1.18335E-02
  -3    37   0   0   2.43440E+01   3.09370E+01   8.24200E-02   4.46264E+01   3.86541E-03   3.28317E+00   3.74102E-04   1.19225E-02
  -3    38   0   0   2.39217E+01   3.27326E+01   8.78424E-02   4.72712E+01   4.01298E-03   3.41522E+00   3.88198E-04   1.20133E-02
  -3    39   0   0   2.35376E+01   3.45366E+01   9.33702E-02   4.99341E+01   4.15891E-03   3.54648E+00   4.02850E-04   1.21058E-02
  -3    40   0   0   2.31891E+01   3.63476E+01   9.90009E-02   5.26093E+01   4.30300E-03   3.66692E+00   4.18082E-04   1.21997E-02
  -3    41   0   0   2.28736E+01   3.81644E+01   1.04732E-01   5.52955E+01   4.44577E-03   3.76751E+00   4.33896E-04   1.22949E-02
  -3    42   0   0   2.25890E+01   3.99857E+01   1.10561E-01   5.79898E+01   4.58939E-03   3.83692E+00   4.50335E-04   1.23912E-02
  -3    43   0   0   2.23329E+01   4.18101E+01   1.16483E-01   6.06866E+01   4.73813E-03   3.85787E+00   4.67450E-04   1.24885E-02
  -3    44   0   0   2.21031E+01   4.36350E+01   1.22494E-01   6.33749E+01   4.89934E-03   3.85219E+00   4.85403E-04   1.25868E-02
  -3    45   0   0   2.18971E+01   4.54529E+01   1.28571E-01   6.60330E+01   5.09245E-03   4.01689E+00   5.04566E-04   1.26860E-02
  -3    46   0   0   2.17135E+01   4.72297E+01   1.34606E-01   6.85846E+01   5.36793E-03   4.62399E+00   5.25910E-04   1.27860E-02
  -3    47   0   0   2.15688E+01   4.87464E+01   1.39834E-01   7.06216E+01   5.87653E-03   6.42421E+00   5.50962E-04   1.28831E-02
  -3    48   5  11   2.15382E+01   4.92599E+01   1.41605E-01   7.12142E+01   6.31640E-03   8.29086E+00   5.65870E-04   1.29317E-02
  -3    49   0   0   2.17316E+01   4.94909E+01   1.42184E-01   7.13804E+01   7.38950E-03   1.31915E+01   5.94302E-04   1.30241E-02
  -3    50   4  12   2.19817E+01   4.93744E+01   1.41522E-01   7.13035E+01   7.84782E-03   1.53811E+01   6.05401E-04   1.30620E-02
  -3    51   0   0   2.22822E+01   4.92581E+01   1.40804E-01   7.13407E+01   8.18012E-03   1.69833E+01   6.13984E-04   1.30880E-02
  -3    52   0   0   2.25428E+01   4.92362E+01   1.40408E-01   7.15907E+01   8.36395E-03   1.79721E+01   6.20285E-04   1.30987E-02
  -3    53   5  13   2.26390E+01   4.93628E+01   1.40638E-01   7.20697E+01   8.37886E-03   1.81457E+01   6.23364E-04   1.30938E-02
  -3    54   0   0   2.22815E+01   5.01210E+01   1.43359E-01   7.36636E+01   7.85293E-03   1.60568E+01   6.19334E-04   1.30524E-02
  -3    55   0   0   2.17357E+01   5.13877E+01   1.48347E-01   7.56218E+01   6.77030E-03   1.14781E+01   6.02322E-04   1.30314E-02
  -3    56   0   0   2.14041E+01   5.36550E+01   1.56716E-01   7.87287E+01   5.97476E-03   7.87247E+00   6.01932E-04   1.31264E-02
  -3    57   0   0   2.12808E+01   5.56557E+01   1.63958E-01   8.16077E+01   5.85676E-03   7.04096E+00   6.17810E-04   1.32336E-02
  -3    58   0   0   2.12055E+01   5.74929E+01   1.70664E-01   8.43008E+01   5.85621E-03   6.69396E+00   6.35636E-04   1.33337E-02
  -3    59   0   0   2.11539E+01   5.93253E+01   1.77424E-01   8.69980E+01   5.89619E-03   6.47611E+00   6.54844E-04   1.34341E-02
  -3    60   0   0   2.11216E+01   6.11605E+01   1.84274E-01   8.97038E+01   5.95629E-03   6.29193E+00   6.74959E-04   1.35350E-02
  -3    61   0   0   2.11069E+01   6.29957E+01   1.91214E-01   9.24056E+01   6.03252E-03   6.09607E+00   6.95733E-04   1.36361E-02
